%YAML:1.0
Mean_Truck: !!opencv-matrix
   rows: 1
   cols: 2400
   dt: f
   data: [ 1.77450076e-001, 1.18801318e-001, 2.07661003e-001,
       2.33446985e-001, 1.50041208e-001, 1.93283513e-001,
       1.64906606e-001, 1.28652886e-001, 2.08150923e-001,
       2.31819749e-001, 1.49927229e-001, 1.83770701e-001,
       1.44499302e-001, 1.25713512e-001, 2.48063296e-001,
       2.56460696e-001, 1.42369136e-001, 1.53915450e-001,
       1.23210393e-001, 1.29398271e-001, 2.44086951e-001,
       2.55629122e-001, 1.34096429e-001, 1.39500916e-001,
       1.67472899e-001, 1.04429342e-001, 1.77358493e-001,
       2.22892895e-001, 1.60782933e-001, 1.92026332e-001,
       1.75636694e-001, 1.02083884e-001, 1.69015348e-001,
       2.26026610e-001, 1.79891437e-001, 2.06659168e-001,
       1.25914425e-001, 1.01311192e-001, 2.23461553e-001,
       2.50402093e-001, 1.48647860e-001, 1.50522411e-001,
       1.36848018e-001, 1.01242855e-001, 2.05961794e-001,
       2.55625576e-001, 1.73601598e-001, 1.70922354e-001,
       9.85538885e-002, 1.07734188e-001, 2.81065851e-001,
       2.83133477e-001, 1.18092209e-001, 1.00265957e-001,
       8.43477696e-002, 9.72875953e-002, 2.84435064e-001,
       2.88253635e-001, 1.04832388e-001, 8.67800191e-002,
       1.11843206e-001, 1.21157281e-001, 2.89867878e-001,
       2.87035733e-001, 1.24032259e-001, 1.10825777e-001,
       1.09091185e-001, 1.23856008e-001, 2.96074092e-001,
       2.96723127e-001, 1.24446332e-001, 1.04949713e-001,
       6.04329854e-002, 6.82775751e-002, 2.89105266e-001,
       2.94644386e-001, 8.06492940e-002, 6.57397062e-002,
       6.06305674e-002, 7.03870207e-002, 2.74482846e-001,
       2.80427307e-001, 8.42732862e-002, 6.59678206e-002,
       1.04539916e-001, 1.16981655e-001, 3.05538088e-001,
       3.05182964e-001, 1.11338764e-001, 9.99537334e-002,
       9.96299908e-002, 1.12373821e-001, 2.98409492e-001,
       2.95521200e-001, 1.04683258e-001, 9.52263474e-002,
       1.12429604e-001, 1.16016343e-001, 2.78059751e-001,
       2.84781903e-001, 1.27087146e-001, 1.18230470e-001,
       8.68713111e-002, 1.05170079e-001, 2.75021642e-001,
       2.82268912e-001, 1.11368977e-001, 9.77790952e-002,
       1.07137315e-001, 1.16556577e-001, 2.92398900e-001,
       2.94228643e-001, 1.31547704e-001, 1.11568004e-001,
       8.53550881e-002, 1.00709766e-001, 2.89240390e-001,
       2.94467390e-001, 1.09386586e-001, 9.18097645e-002,
       8.72805342e-002, 8.64789709e-002, 2.69175172e-001,
       2.91187257e-001, 1.24737695e-001, 1.08201228e-001,
       1.02911308e-001, 9.18383300e-002, 2.51084507e-001,
       2.81620145e-001, 1.47941232e-001, 1.31845206e-001,
       7.12475032e-002, 8.13606754e-002, 2.90350050e-001,
       2.98739761e-001, 1.02229111e-001, 8.15529451e-002,
       8.07185844e-002, 8.63514766e-002, 2.73053110e-001,
       2.89861679e-001, 1.19309604e-001, 9.71849263e-002,
       9.83486250e-002, 1.09509833e-001, 2.85971582e-001,
       2.78795063e-001, 1.06931359e-001, 9.91196409e-002,
       9.96002853e-002, 1.17310219e-001, 2.95082361e-001,
       2.93071061e-001, 1.14855006e-001, 9.86661986e-002,
       9.72571373e-002, 1.09890148e-001, 2.93373644e-001,
       2.84977138e-001, 1.07788034e-001, 9.83131900e-002,
       9.81769711e-002, 1.14133216e-001, 2.99406171e-001,
       2.94174463e-001, 1.18941762e-001, 1.01554655e-001,
       9.70452949e-002, 1.18810967e-001, 2.85901189e-001,
       2.82345504e-001, 1.07140310e-001, 9.00556669e-002,
       9.69500542e-002, 1.19183823e-001, 2.84732759e-001,
       2.78040528e-001, 1.03858545e-001, 8.81076828e-002,
       9.45476368e-002, 1.17373347e-001, 2.90212154e-001,
       2.84486145e-001, 1.14744827e-001, 9.30126533e-002,
       9.71506834e-002, 1.20061390e-001, 2.87209392e-001,
       2.79704839e-001, 1.11850373e-001, 9.33504179e-002,
       9.85538885e-002, 1.07734188e-001, 2.81065851e-001,
       2.83133477e-001, 1.18092209e-001, 1.00265957e-001,
       8.43477696e-002, 9.72875953e-002, 2.84435064e-001,
       2.88253635e-001, 1.04832388e-001, 8.67800191e-002,
       1.11843206e-001, 1.21157281e-001, 2.89867878e-001,
       2.87035733e-001, 1.24032259e-001, 1.10825777e-001,
       1.09091185e-001, 1.23856008e-001, 2.96074092e-001,
       2.96723127e-001, 1.24446332e-001, 1.04949713e-001,
       6.04329854e-002, 6.82775751e-002, 2.89105266e-001,
       2.94644386e-001, 8.06492940e-002, 6.57397062e-002,
       6.06305674e-002, 7.03870207e-002, 2.74482846e-001,
       2.80427307e-001, 8.42732862e-002, 6.59678206e-002,
       1.04539916e-001, 1.16981655e-001, 3.05538088e-001,
       3.05182964e-001, 1.11338764e-001, 9.99537334e-002,
       9.96299908e-002, 1.12373821e-001, 2.98409492e-001,
       2.95521200e-001, 1.04683258e-001, 9.52263474e-002,
       9.63085890e-002, 1.11678727e-001, 2.97047645e-001,
       2.88218200e-001, 1.10582173e-001, 9.89032388e-002,
       9.63492617e-002, 1.09236106e-001, 3.04501683e-001,
       2.96228379e-001, 1.14198714e-001, 1.01264551e-001,
       9.78580341e-002, 1.11281462e-001, 2.95224786e-001,
       2.83816308e-001, 1.13469414e-001, 9.95789617e-002,
       8.88040066e-002, 1.00209013e-001, 2.97416747e-001,
       2.85146326e-001, 1.00951917e-001, 8.90433341e-002,
       9.40096006e-002, 1.10147297e-001, 3.06921840e-001,
       2.96203345e-001, 1.06818333e-001, 9.49786231e-002,
       9.34688523e-002, 1.09059267e-001, 3.00471932e-001,
       2.88528562e-001, 9.97341499e-002, 9.13212150e-002,
       7.18956068e-002, 9.35289413e-002, 3.05305451e-001,
       2.84078777e-001, 7.13863075e-002, 6.41688928e-002,
       7.47799650e-002, 9.93630067e-002, 2.90340662e-001,
       2.71098077e-001, 7.02978149e-002, 6.37363940e-002,
       9.83486250e-002, 1.09509833e-001, 2.85971582e-001,
       2.78795063e-001, 1.06931359e-001, 9.91196409e-002,
       9.96002853e-002, 1.17310219e-001, 2.95082361e-001,
       2.93071061e-001, 1.14855006e-001, 9.86661986e-002,
       9.72571373e-002, 1.09890148e-001, 2.93373644e-001,
       2.84977138e-001, 1.07788034e-001, 9.83131900e-002,
       9.81769711e-002, 1.14133216e-001, 2.99406171e-001,
       2.94174463e-001, 1.18941762e-001, 1.01554655e-001,
       9.70452949e-002, 1.18810967e-001, 2.85901189e-001,
       2.82345504e-001, 1.07140310e-001, 9.00556669e-002,
       9.69500542e-002, 1.19183823e-001, 2.84732759e-001,
       2.78040528e-001, 1.03858545e-001, 8.81076828e-002,
       9.45476368e-002, 1.17373347e-001, 2.90212154e-001,
       2.84486145e-001, 1.14744827e-001, 9.30126533e-002,
       9.71506834e-002, 1.20061390e-001, 2.87209392e-001,
       2.79704839e-001, 1.11850373e-001, 9.33504179e-002,
       1.04756959e-001, 1.18032843e-001, 2.88289040e-001,
       2.77801812e-001, 1.23881154e-001, 1.06853336e-001,
       9.13444385e-002, 1.04418717e-001, 2.90608555e-001,
       2.78106064e-001, 1.05335131e-001, 8.79572853e-002,
       1.30054638e-001, 1.34229273e-001, 2.81370938e-001,
       2.65082687e-001, 1.40924945e-001, 1.31520167e-001,
       1.12232827e-001, 1.22892067e-001, 2.79681772e-001,
       2.67343462e-001, 1.27602577e-001, 1.07496522e-001,
       8.17291513e-002, 1.06213428e-001, 2.98547894e-001,
       2.72753239e-001, 7.31632560e-002, 6.83140531e-002,
       9.84385461e-002, 1.25418425e-001, 2.91884303e-001,
       2.54947066e-001, 7.72427619e-002, 7.73156732e-002,
       1.22544914e-001, 1.45531401e-001, 2.98997134e-001,
       2.57007748e-001, 8.80229250e-002, 9.71287861e-002,
       1.41341120e-001, 1.63950339e-001, 2.90213585e-001,
       2.41085589e-001, 9.34288129e-002, 1.09952845e-001,
       9.63085890e-002, 1.11678727e-001, 2.97047645e-001,
       2.88218200e-001, 1.10582173e-001, 9.89032388e-002,
       9.63492617e-002, 1.09236106e-001, 3.04501683e-001,
       2.96228379e-001, 1.14198714e-001, 1.01264551e-001,
       9.78580341e-002, 1.11281462e-001, 2.95224786e-001,
       2.83816308e-001, 1.13469414e-001, 9.95789617e-002,
       8.88040066e-002, 1.00209013e-001, 2.97416747e-001,
       2.85146326e-001, 1.00951917e-001, 8.90433341e-002,
