%YAML:1.0
Mean_back: !!opencv-matrix
   rows: 1
   cols: 3200
   dt: f
   data: [ 2.25930050e-001, 1.69348508e-001, 8.22428539e-002,
       1.34593412e-001, 1.63717583e-001, 9.38412473e-002,
       7.83211440e-002, 1.49058223e-001, 1.91466153e-001,
       1.46151796e-001, 8.57074559e-002, 1.89778820e-001,
       2.31651649e-001, 1.20654114e-001, 1.01842061e-001,
       1.37713224e-001, 1.56318560e-001, 1.17936350e-001,
       7.22070560e-002, 1.64860621e-001, 1.86430842e-001,
       8.79763886e-002, 6.28839433e-002, 9.50113907e-002,
       1.14867106e-001, 8.93750787e-002, 7.08381459e-002,
       2.24512711e-001, 2.53957391e-001, 1.11274816e-001,
       7.68711641e-002, 8.49910676e-002, 1.07593648e-001,
       8.29784945e-002, 7.35314041e-002, 1.88301891e-001,
       2.38632247e-001, 1.22813560e-001, 9.45320725e-002,
       1.05220042e-001, 9.66744870e-002, 7.85502940e-002,
       9.73998457e-002, 2.70555854e-001, 3.07084352e-001,
       1.62458181e-001, 1.14379689e-001, 1.07963093e-001,
       5.49256466e-002, 4.61496823e-002, 5.94436377e-002,
       2.15052813e-001, 2.53137797e-001, 1.02092870e-001,
       6.33793995e-002, 5.87925985e-002, 5.08764870e-002,
       4.57223505e-002, 7.51449764e-002, 2.82177508e-001,
       3.15797597e-001, 1.30686238e-001, 7.48806000e-002,
       6.10310324e-002, 6.84540570e-002, 5.86299747e-002,
       8.51090550e-002, 2.44907275e-001, 2.49305174e-001,
       8.45000669e-002, 5.52301109e-002, 6.71802312e-002,
       5.70940375e-002, 5.78519478e-002, 8.83096084e-002,
       3.11309487e-001, 3.14503163e-001, 8.94312561e-002,
       5.49374335e-002, 5.58444299e-002, 7.78059512e-002,
       7.02989623e-002, 1.04169004e-001, 2.61870682e-001,
       2.61327654e-001, 9.45782512e-002, 6.30663037e-002,
       7.54555389e-002, 6.89936057e-002, 7.31513426e-002,
       1.10274971e-001, 3.20232451e-001, 3.21846962e-001,
       1.03438847e-001, 6.54525310e-002, 6.67164847e-002,
       3.03393379e-002, 3.12885083e-002, 5.60501255e-002,
       2.65400648e-001, 2.74963111e-001, 6.00099750e-002,
       3.24384943e-002, 3.07649951e-002, 2.79704798e-002,
       2.85272151e-002, 5.78025058e-002, 3.41822803e-001,
       3.47116828e-001, 6.55643120e-002, 3.07758618e-002,
       2.84557641e-002, 3.57085057e-002, 3.68809327e-002,
       6.71726167e-002, 2.74393797e-001, 2.79654711e-001,
       6.65743500e-002, 3.80834006e-002, 3.61905880e-002,
       3.92246060e-002, 4.23344374e-002, 7.89623410e-002,
       3.51004303e-001, 3.52624506e-001, 7.35929459e-002,
       3.88911329e-002, 3.72168235e-002, 9.10610631e-002,
       7.72753507e-002, 8.88617262e-002, 2.31742308e-001,
       2.45356724e-001, 9.46726426e-002, 6.30979985e-002,
       8.02098662e-002, 7.64987320e-002, 7.26187229e-002,
       9.09819677e-002, 3.02094728e-001, 3.14217538e-001,
       1.12832323e-001, 7.41179511e-002, 7.21428096e-002,
       7.53395632e-002, 6.41674995e-002, 8.69040787e-002,
       2.39864305e-001, 2.49479935e-001, 9.01654139e-002,
       5.93195595e-002, 7.20732585e-002, 6.43083602e-002,
       6.33782670e-002, 8.78861025e-002, 3.05932730e-001,
       3.13366681e-001, 1.00805879e-001, 6.53494969e-002,
       6.32386804e-002, 3.88371982e-002, 3.76598686e-002,
       6.15590885e-002, 2.59259194e-001, 2.81070799e-001,
       7.75636807e-002, 4.64940257e-002, 4.20981832e-002,
       3.94602604e-002, 3.82629745e-002, 6.96309656e-002,
       3.30342501e-001, 3.48212928e-001, 1.02928378e-001,
       5.20929471e-002, 4.31489982e-002, 3.29518355e-002,
       3.37872952e-002, 5.84061034e-002, 2.64661431e-001,
       2.77597368e-001, 6.53747544e-002, 3.67905945e-002,
       3.46855931e-002, 3.15008834e-002, 3.20311561e-002,
       6.15246780e-002, 3.34957451e-001, 3.46649706e-001,
       7.70503432e-002, 3.66557054e-002, 3.29982378e-002,
       6.64747208e-002, 5.98211586e-002, 9.25971121e-002,
       2.53391385e-001, 2.52819985e-001, 8.84506702e-002,
       5.75460084e-002, 6.56236634e-002, 6.35618567e-002,
       6.77000284e-002, 1.06870048e-001, 3.13833207e-001,
       3.14542264e-001, 1.03011921e-001, 6.47053421e-002,
       6.24572709e-002, 6.93312064e-002, 6.00586198e-002,
       9.15088728e-002, 2.57723182e-001, 2.60628730e-001,
       9.77565870e-002, 6.38252497e-002, 7.03901574e-002,
       6.65385947e-002, 6.86072186e-002, 1.07282810e-001,
       3.16073567e-001, 3.16932529e-001, 1.13267131e-001,
       7.16563985e-002, 6.76646456e-002, 3.41591090e-002,
       3.63046192e-002, 6.62227571e-002, 2.50135034e-001,
       2.51312762e-001, 6.39127642e-002, 3.75045165e-002,
       3.46148536e-002, 5.18371649e-002, 6.18245751e-002,
       1.10868633e-001, 3.37857008e-001, 3.38128686e-001,
       9.49740857e-002, 5.38662970e-002, 4.89604548e-002,
       3.65730785e-002, 3.99393067e-002, 6.95613176e-002,
       2.58072644e-001, 2.57960528e-001, 6.77932799e-002,
       3.87011319e-002, 3.63223292e-002, 5.34657352e-002,
       6.00915626e-002, 1.06583193e-001, 3.39731932e-001,
       3.40217203e-001, 1.14617348e-001, 6.46097437e-002,
       5.55009097e-002, 6.84540570e-002, 5.86299747e-002,
       8.51090550e-002, 2.44907275e-001, 2.49305174e-001,
       8.45000669e-002, 5.52301109e-002, 6.71802312e-002,
       5.70940375e-002, 5.78519478e-002, 8.83096084e-002,
       3.11309487e-001, 3.14503163e-001, 8.94312561e-002,
       5.49374335e-002, 5.58444299e-002, 7.78059512e-002,
       7.02989623e-002, 1.04169004e-001, 2.61870682e-001,
       2.61327654e-001, 9.45782512e-002, 6.30663037e-002,
       7.54555389e-002, 6.89936057e-002, 7.31513426e-002,
       1.10274971e-001, 3.20232451e-001, 3.21846962e-001,
       1.03438847e-001, 6.54525310e-002, 6.67164847e-002,
       3.03393379e-002, 3.12885083e-002, 5.60501255e-002,
       2.65400648e-001, 2.74963111e-001, 6.00099750e-002,
       3.24384943e-002, 3.07649951e-002, 2.79704798e-002,
       2.85272151e-002, 5.78025058e-002, 3.41822803e-001,
       3.47116828e-001, 6.55643120e-002, 3.07758618e-002,
       2.84557641e-002, 3.57085057e-002, 3.68809327e-002,
       6.71726167e-002, 2.74393797e-001, 2.79654711e-001,
       6.65743500e-002, 3.80834006e-002, 3.61905880e-002,
       3.92246060e-002, 4.23344374e-002, 7.89623410e-002,
       3.51004303e-001, 3.52624506e-001, 7.35929459e-002,
       3.88911329e-002, 3.72168235e-002, 7.11685419e-002,
       5.86382076e-002, 8.70539770e-002, 2.54902214e-001,
       2.58619905e-001, 9.87708345e-002, 6.70543984e-002,
       7.36962110e-002, 6.43852651e-002, 6.21162169e-002,
       9.71345082e-002, 3.18452656e-001, 3.16727966e-001,
       1.06697030e-001, 7.00508505e-002, 6.66345432e-002,
       7.13700280e-002, 5.93604892e-002, 8.89349878e-002,
       2.53980815e-001, 2.53410935e-001, 9.29520726e-002,
       6.37782589e-002, 7.23362863e-002, 5.92134297e-002,
       5.86835481e-002, 9.45708454e-002, 3.16574991e-001,
       3.14417928e-001, 9.83327851e-002, 6.38592094e-002,
       6.07492551e-002, 3.53088118e-002, 3.68066393e-002,
       6.40885159e-002, 2.75436014e-001, 2.70637065e-001,
       6.21142723e-002, 3.52846645e-002, 3.51379327e-002,
       3.79912890e-002, 3.84873003e-002, 7.11420253e-002,
       3.49900752e-001, 3.48686069e-001, 7.62736872e-002,
       4.19182926e-002, 3.96296307e-002, 3.26390341e-002,
       3.39132622e-002, 6.26814440e-002, 2.80092150e-001,
       2.73347020e-001, 5.88990115e-002, 3.32146958e-002,
       3.25568020e-002, 2.99212765e-002, 3.22129987e-002,
       6.80505782e-002, 3.47314626e-001, 3.43642592e-001,
       6.15081936e-002, 3.05243339e-002, 2.93663014e-002,
       6.64747208e-002, 5.98211586e-002, 9.25971121e-002,
       2.53391385e-001, 2.52819985e-001, 8.84506702e-002,
       5.75460084e-002, 6.56236634e-002, 6.35618567e-002,
       6.77000284e-002, 1.06870048e-001, 3.13833207e-001,
       3.14542264e-001, 1.03011921e-001, 6.47053421e-002,
       6.24572709e-002, 6.93312064e-002, 6.00586198e-002,
       9.15088728e-002, 2.57723182e-001, 2.60628730e-001,
       9.77565870e-002, 6.38252497e-002, 7.03901574e-002,
