%YAML:1.0 VehicleClassify_model:2.0.0.8.1 VehicleClassify_model(2.0.0.8)
Mean_vt: !!opencv-matrix
   rows: 1
   cols: 3200
   dt: f
   data: [ 8.43055323e-002, 8.01741481e-002, 1.02431394e-001,
       1.76127493e-001, 1.74315751e-001, 9.55642685e-002,
       7.05357715e-002, 7.88916647e-002, 1.00377314e-001,
       1.00428931e-001, 1.13866553e-001, 1.80556417e-001,
       1.78391248e-001, 9.81526747e-002, 7.72117153e-002,
       8.43840912e-002, 8.99454877e-002, 9.11408439e-002,
       1.19646043e-001, 1.93231106e-001, 1.85567781e-001,
       9.71546173e-002, 7.13015050e-002, 8.21145326e-002,
       1.09512739e-001, 1.14587218e-001, 1.32507160e-001,
       1.98890552e-001, 1.93534777e-001, 1.06726415e-001,
       8.29140395e-002, 9.28003713e-002, 1.33201078e-001,
       1.08985022e-001, 1.04727656e-001, 1.51977226e-001,
       1.41987711e-001, 8.07725936e-002, 7.53397942e-002,
       1.05736546e-001, 1.40843347e-001, 1.06887937e-001,
       1.03245899e-001, 1.45521596e-001, 1.37628317e-001,
       8.43172744e-002, 8.10570642e-002, 1.17160253e-001,
       1.45328835e-001, 1.25343874e-001, 1.17167987e-001,
       1.66099578e-001, 1.57305002e-001, 8.67662206e-002,
       7.91809708e-002, 1.15045667e-001, 1.51231959e-001,
       1.20573238e-001, 1.09079622e-001, 1.58174798e-001,
       1.54453725e-001, 9.03659388e-002, 8.58947635e-002,
       1.25859335e-001, 5.67772686e-002, 5.67444935e-002,
       8.98234397e-002, 2.17754468e-001, 2.08777800e-001,
       6.99864253e-002, 4.39711288e-002, 5.34847341e-002,
       5.43458164e-002, 6.19853735e-002, 9.66927260e-002,
       2.39637539e-001, 2.29859948e-001, 7.38064647e-002,
       4.82845344e-002, 5.03514148e-002, 5.75687289e-002,
       5.55479415e-002, 9.03418064e-002, 2.30006859e-001,
       2.23767504e-001, 7.35244229e-002, 4.52307835e-002,
       5.43332584e-002, 5.70143610e-002, 6.29739389e-002,
       9.85581055e-002, 2.44551435e-001, 2.39346698e-001,
       8.05367753e-002, 5.07901721e-002, 5.26790693e-002,
       5.91866933e-002, 6.24853075e-002, 8.73896331e-002,
       2.21090987e-001, 2.14958534e-001, 7.01403990e-002,
       4.89847995e-002, 5.37929721e-002, 6.30950853e-002,
       6.65503368e-002, 8.52378905e-002, 2.19896719e-001,
       2.15473235e-001, 7.26243258e-002, 5.20837270e-002,
       5.62068112e-002, 6.06764257e-002, 6.15601130e-002,
       9.14674252e-002, 2.30171740e-001, 2.24011049e-001,
       7.65621960e-002, 5.13671078e-002, 5.66272587e-002,
       6.20507188e-002, 6.14276230e-002, 8.62664729e-002,
       2.30705485e-001, 2.26760373e-001, 7.43851513e-002,
       5.12538329e-002, 5.68899699e-002, 6.78255633e-002,
       7.20560253e-002, 1.09161690e-001, 2.06439987e-001,
       1.94157764e-001, 7.51912743e-002, 5.21003716e-002,
       6.24350309e-002, 7.81649426e-002, 8.90864506e-002,
       1.22231334e-001, 2.23124191e-001, 2.11339012e-001,
       8.58177468e-002, 6.21784106e-002, 6.76051155e-002,
       6.56365529e-002, 6.94411919e-002, 1.07788973e-001,
       2.14491785e-001, 2.02238277e-001, 7.59492815e-002,
       5.12229241e-002, 6.13496266e-002, 6.78323805e-002,
       7.85000846e-002, 1.15213715e-001, 2.29551390e-001,
       2.20323533e-001, 8.41449499e-002, 5.86877912e-002,
       6.20911680e-002, 9.81436148e-002, 8.88723955e-002,
       9.92353112e-002, 1.94015622e-001, 1.88597634e-001,
       8.29368159e-002, 6.60698861e-002, 8.03115517e-002,
       9.58269536e-002, 8.92616138e-002, 9.88291949e-002,
       1.94752246e-001, 1.90236256e-001, 8.74850452e-002,
       7.05009699e-002, 8.05784017e-002, 7.77063519e-002,
       8.01966339e-002, 9.97343212e-002, 2.11564615e-001,
       2.04513401e-001, 7.99868107e-002, 6.02793135e-002,
       6.66136742e-002, 8.02827403e-002, 8.26014951e-002,
       9.93439332e-002, 2.10001782e-001, 2.04951555e-001,
       8.78809318e-002, 6.56308457e-002, 6.88502938e-002,
       5.23299426e-002, 4.48358618e-002, 7.25450516e-002,
       2.25277632e-001, 2.24441841e-001, 6.87119812e-002,
       4.06094678e-002, 5.01990952e-002, 5.42011335e-002,
       5.31101227e-002, 8.33311975e-002, 2.38088638e-001,
       2.36138061e-001, 7.46642649e-002, 4.56192456e-002,
       5.06738238e-002, 5.52195422e-002, 4.62704599e-002,
       7.37589672e-002, 2.28762865e-001, 2.31427610e-001,
       7.61728659e-002, 4.45194915e-002, 5.37685230e-002,
       5.71354888e-002, 5.47693036e-002, 8.33654851e-002,
       2.38608390e-001, 2.41051629e-001, 8.25947598e-002,
       5.00213504e-002, 5.43252751e-002, 6.28038496e-002,
       5.49843982e-002, 8.10189843e-002, 2.22901970e-001,
       2.21498966e-001, 7.20580295e-002, 4.68529202e-002,
       5.81258833e-002, 6.40378222e-002, 5.21748103e-002,
       7.28950575e-002, 2.26946801e-001, 2.26451904e-001,
       6.78561106e-002, 4.68865633e-002, 6.02289066e-002,
       6.41942546e-002, 5.53401224e-002, 7.87359700e-002,
       2.24139392e-001, 2.26372823e-001, 8.11079219e-002,
       5.13590276e-002, 6.13513030e-002, 6.45884499e-002,
       5.31955734e-002, 7.14858025e-002, 2.28042036e-001,
       2.29724899e-001, 7.41081983e-002, 4.88011725e-002,
       6.19400069e-002, 5.67772686e-002, 5.67444935e-002,
       8.98234397e-002, 2.17754468e-001, 2.08777800e-001,
       6.99864253e-002, 4.39711288e-002, 5.34847341e-002,
       5.43458164e-002, 6.19853735e-002, 9.66927260e-002,
       2.39637539e-001, 2.29859948e-001, 7.38064647e-002,
       4.82845344e-002, 5.03514148e-002, 5.75687289e-002,
       5.55479415e-002, 9.03418064e-002, 2.30006859e-001,
       2.23767504e-001, 7.35244229e-002, 4.52307835e-002,
       5.43332584e-002, 5.70143610e-002, 6.29739389e-002,
       9.85581055e-002, 2.44551435e-001, 2.39346698e-001,
       8.05367753e-002, 5.07901721e-002, 5.26790693e-002,
       5.91866933e-002, 6.24853075e-002, 8.73896331e-002,
       2.21090987e-001, 2.14958534e-001, 7.01403990e-002,
       4.89847995e-002, 5.37929721e-002, 6.30950853e-002,
       6.65503368e-002, 8.52378905e-002, 2.19896719e-001,
       2.15473235e-001, 7.26243258e-002, 5.20837270e-002,
       5.62068112e-002, 6.06764257e-002, 6.15601130e-002,
       9.14674252e-002, 2.30171740e-001, 2.24011049e-001,
       7.65621960e-002, 5.13671078e-002, 5.66272587e-002,
       6.20507188e-002, 6.14276230e-002, 8.62664729e-002,
       2.30705485e-001, 2.26760373e-001, 7.43851513e-002,
       5.12538329e-002, 5.68899699e-002, 5.13968728e-002,
       4.34571914e-002, 6.87234402e-002, 2.21886739e-001,
       2.31459081e-001, 8.15750882e-002, 4.49124016e-002,
       5.07057011e-002, 5.14523722e-002, 4.96920757e-002,
       7.60097057e-002, 2.37340003e-001, 2.43868232e-001,
       8.55155438e-002, 5.03993966e-002, 4.95617166e-002,
       5.47470450e-002, 4.63619567e-002, 7.19990060e-002,
       2.18748927e-001, 2.31473282e-001, 9.01388004e-002,
       4.97997962e-002, 5.43302298e-002, 5.26227579e-002,
       5.06973714e-002, 7.58317113e-002, 2.37705931e-001,
       2.47303024e-001, 9.38453823e-002, 5.46349101e-002,
       5.18696569e-002, 5.63071892e-002, 5.04790060e-002,
       7.10441545e-002, 2.24368617e-001, 2.32168913e-001,
       8.19725841e-002, 4.87338677e-002, 5.24581149e-002,
       5.51868454e-002, 4.77046557e-002, 6.71478435e-002,
       2.29543403e-001, 2.35215575e-001, 8.01099539e-002,
       4.71541584e-002, 5.13835326e-002, 5.74758910e-002,
       5.08629456e-002, 7.01026320e-002, 2.23951340e-001,
       2.32479632e-001, 8.54578018e-002, 5.25160208e-002,
       5.47749028e-002, 5.88569865e-002, 5.11182360e-002,
       6.98363781e-002, 2.28513986e-001, 2.36318260e-001,
       8.63378718e-002, 5.52789494e-002, 5.68784885e-002,
       5.23299426e-002, 4.48358618e-002, 7.25450516e-002,
       2.25277632e-001, 2.24441841e-001, 6.87119812e-002,
       4.06094678e-002, 5.01990952e-002, 5.42011335e-002,
       5.31101227e-002, 8.33311975e-002, 2.38088638e-001,
       2.36138061e-001, 7.46642649e-002, 4.56192456e-002,
       5.06738238e-002, 5.52195422e-002, 4.62704599e-002,
       7.37589672e-002, 2.28762865e-001, 2.31427610e-001,
