<?xml version="1.0"?>
<opencv_storage>
<VECTOR>
  8.9012332260608673e-002 5.7133983820676804e-002
  4.4288378208875656e-002 1.1344695836305618e-001
  -3.0222254991531372e-001 2.0968168973922729e-001
  3.7952881306409836e-002 -4.7339230775833130e-002
  -2.3114995565265417e-003 1.1159232258796692e-001
  5.9202861040830612e-002 -7.2065040469169617e-002
  -1.0154051706194878e-003 -9.3651369214057922e-002
  1.3660533726215363e-001 -1.4989219605922699e-001
  -4.2452745139598846e-002 -4.8822719603776932e-002
  1.1585509032011032e-001 4.2863313108682632e-002
  1.7571613192558289e-001 1.4785580337047577e-001
  7.9217977821826935e-002 4.3715514242649078e-002
  1.0111230611801147e-001 -5.3833715617656708e-002
  7.7261231839656830e-002 2.3027160763740540e-001
  3.8284089416265488e-002 1.4332053065299988e-001
  -4.7480934299528599e-003 9.0076006948947906e-002
  1.5314804017543793e-001 1.4415799081325531e-001
  7.1873925626277924e-002 1.4267814159393311e-001
  -1.6425998881459236e-002 7.5637437403202057e-002
  1.2576603889465332e-001 1.0546023398637772e-001
  7.1667999029159546e-002 -8.7154945358633995e-003
  -2.4207220971584320e-001 -1.5042333304882050e-001
  -8.8744446635246277e-002 7.9183898866176605e-002
  1.3637301325798035e-001 3.4032685216516256e-003
  3.8731705397367477e-002 -1.1704436689615250e-001
  -1.0060495696961880e-002 -1.9659192860126495e-001
  -5.8934427797794342e-002 3.9019614458084106e-002
  -3.3187989145517349e-002 2.5990593433380127e-001
  2.8178638219833374e-001 1.4794877171516418e-001
  1.2825863063335419e-001 5.7025071233510971e-002
  5.1680449396371841e-002 5.1360730081796646e-002
  1.0889594256877899e-001 -2.1676566451787949e-002
  -1.4324425160884857e-001 1.0171613097190857e-001
  9.6197329461574554e-002 -3.2894141972064972e-002
  1.9724523648619652e-002 -4.1330605745315552e-004
  5.2089653909206390e-002 7.8342087566852570e-002
  9.7727052867412567e-002 6.7530490458011627e-002
  -1.0907521843910217e-001 1.1987620964646339e-002
  -2.1187715232372284e-002 -1.0112711787223816e-001
  -7.0601634681224823e-002 -4.1846539825201035e-002
  1.1855370551347733e-001 -5.2361704409122467e-002
  -1.1710764467716217e-001 -5.3223758935928345e-002
  6.2704086303710938e-002 9.8931498825550079e-002
  -3.9607763290405273e-002 -1.2694090604782104e-001
  9.6028804779052734e-002 -6.5559826791286469e-002
  1.3417416810989380e-001 6.2821142375469208e-002
  -9.4169624149799347e-002 2.2761873900890350e-001
  1.1042222380638123e-001 1.3049659132957458e-001
  1.7235302925109863e-001 -5.8892536908388138e-002
  5.3916569799184799e-002 1.3964621722698212e-001
  3.8320326711982489e-003 -2.6331035420298576e-002
  -5.4221272468566895e-002 1.9954206049442291e-001
  2.8852167725563049e-001 4.8027370125055313e-002
  5.9393927222117782e-004 7.4064388871192932e-002
  -6.3226900994777679e-002 1.6070744395256042e-001
  8.0541789531707764e-002 -2.7165573090314865e-002
  -1.4686442911624908e-001 -1.8421451747417450e-001
  -1.3461938500404358e-001 1.4950078725814819e-001
  1.4403932727873325e-002 -1.6665995121002197e-001
  2.0427662879228592e-002 1.7142772674560547e-001
  -7.5796050950884819e-003 -3.1097328662872314e-001
  -1.9444042444229126e-001 -1.9005236029624939e-001
  -1.2640096247196198e-001 -4.6716686338186264e-002
  1.8177136778831482e-001 1.7191533744335175e-001
  1.0317781567573547e-001 -4.4955617340747267e-005
  1.4260378479957581e-001 1.7412365972995758e-001
  -3.4766040742397308e-002 2.2743429243564606e-001
  1.3242359459400177e-001 1.7033182084560394e-001
  -7.9619340598583221e-002 -3.5694908350706100e-002
  3.2257840037345886e-002 -8.4668472409248352e-003
  -1.9583214074373245e-002 -4.2954485863447189e-002
  -1.4582416415214539e-001 4.5557525008916855e-002
  -1.9731038808822632e-001 -4.9417261034250259e-002
  1.1254110187292099e-001 1.6450047492980957e-001
  -3.1638000160455704e-002 1.0470938868820667e-002
  4.4526319950819016e-002 -7.7271282672882080e-002
  -9.1799139976501465e-002 -6.1687104403972626e-002
  1.9279977306723595e-002 -6.4383417367935181e-002
  1.1023732274770737e-001 -1.8427943810820580e-002
  -1.4969410002231598e-001 -3.1134292483329773e-001
  -2.5148665904998779e-001 -7.1968249976634979e-002
  1.9169957935810089e-001 8.7658196687698364e-002
  7.9356551170349121e-002 1.3218912482261658e-001
  2.6072791218757629e-001 1.9232510030269623e-001
  1.6546630859375000e-001 1.4805372059345245e-001
  8.4108889102935791e-002 2.4816712737083435e-001
  -1.7200072109699249e-001 -5.3423368372023106e-003
  -8.5309393703937531e-002 4.5245703309774399e-002
  -3.0253410339355469e-002 1.1225342005491257e-001
  -4.4550593942403793e-002 3.3048857003450394e-002
  1.0022944211959839e-001 1.1829599738121033e-001
  2.9990144073963165e-002 5.2534718997776508e-004
  5.4499227553606033e-002 3.3606376498937607e-002
  -1.9872084259986877e-001 -4.4713937677443027e-004
  1.2641412019729614e-001 -2.2637108340859413e-002
  1.4159235358238220e-001 9.7848288714885712e-002
  -5.0337769091129303e-002 9.9683865904808044e-002
  -3.2192695885896683e-002 -1.0637795180082321e-001
  2.5757819414138794e-002 -9.7428001463413239e-002
  -1.5111692249774933e-002 1.5813386440277100e-001
  1.9857208430767059e-001 3.3879358321428299e-002
  1.6106025874614716e-001 1.1084632575511932e-001
  1.5433359146118164e-001 1.5927807986736298e-001
  7.5877256691455841e-002 2.9823526740074158e-002
  4.4169101864099503e-002 4.4576387852430344e-002
  -1.3675588369369507e-001 1.1760742962360382e-001
  6.7964434623718262e-002 9.1063957661390305e-003
  1.7354803159832954e-002 -4.4666111469268799e-002
  7.0053882896900177e-002 -3.4238498657941818e-002
  -1.0024054348468781e-001 7.3242834769189358e-003
  7.4555754661560059e-002 -1.3166144490242004e-001
  -5.9634253382682800e-002 1.0583868622779846e-001
  5.1089663058519363e-002 -3.6264602094888687e-002
  -1.7506849020719528e-002 -1.0744193196296692e-001
  7.4381060898303986e-002 -7.3202718049287796e-003
  -1.5750519931316376e-001 -3.3262795209884644e-001
  -7.5456434860825539e-003 -1.3948082923889160e-001
  1.5468332916498184e-002 -1.4240345358848572e-001
  9.1286905109882355e-002 -1.0184817016124725e-001
  -6.0923274606466293e-002 1.3792565092444420e-002
  6.4918711781501770e-002 3.4146794676780701e-001
  2.0458059012889862e-001 -1.8819336593151093e-001
  -7.9087458550930023e-002 -2.5813514366745949e-003
  1.1358173936605453e-001 -7.9856351017951965e-002
  1.0824155062437057e-001 1.6010288894176483e-001
  3.1560739874839783e-001 -2.3927830159664154e-002
  6.4496479928493500e-002 -1.9909091293811798e-002
  -7.1774832904338837e-002 1.9356155395507813e-001
  8.0314936349168420e-004 -9.2135533690452576e-002
  2.1548597142100334e-002 -8.3078987896442413e-002
  -1.6621266305446625e-001 -1.1320498585700989e-001
  -7.3814362287521362e-002 1.3153837621212006e-001
  -2.7175500988960266e-002 -1.3186563551425934e-001
  -1.2311776727437973e-001 9.3684151768684387e-002
  9.1430237516760826e-003 -2.4224139750003815e-002
  2.5740528106689453e-001 3.0458915233612061e-001
  3.7619799375534058e-002 4.0618357062339783e-001
  1.6568385064601898e-001 1.4317178726196289e-001
  -1.9584704190492630e-002 5.1846625283360481e-003
  3.4261971712112427e-002 1.5534811653196812e-002
  1.6152761876583099e-001 1.0809419304132462e-001
  1.5850348398089409e-002 8.1150561571121216e-002
  9.9305860698223114e-002 2.1849110722541809e-001
  9.4499826431274414e-002 1.4506290853023529e-001
  -6.0182847082614899e-002 -6.9453537464141846e-002
  1.7683093249797821e-001 5.9291753917932510e-002
  -1.7567630112171173e-001 1.2001619674265385e-002
  5.8665513992309570e-002 -7.4981279671192169e-002
  5.3302027285099030e-002 1.7809666693210602e-002
  1.9719375669956207e-001 1.5789651870727539e-001
  3.2973762601613998e-002 -1.3262315094470978e-001
  1.9183002412319183e-002 -7.5475715100765228e-002
  -1.2601596117019653e-001 -6.2479218468070030e-004
  -4.9524586647748947e-002 1.6529531776905060e-001
  1.8544298410415649e-001 -1.0051232576370239e-001
  2.3843871429562569e-002 2.0241211354732513e-001
