<?xml version="1.0"?>
<opencv_storage>
<VECTOR>
  -2.9145102947950363e-002 2.4212917312979698e-002
  1.7364209517836571e-002 -1.9506134092807770e-002
  -2.3672442883253098e-002 7.9393811523914337e-002
  -1.0718417167663574e-001 -4.1325584053993225e-002
  -9.6854276955127716e-002 4.8749048262834549e-002
  1.1192570626735687e-001 9.7965843975543976e-002
  2.5791466236114502e-002 1.9866328686475754e-002
  6.3265591859817505e-002 2.0542433485388756e-002
  6.7426681518554688e-002 -3.7337334360927343e-003
  -8.6928576231002808e-002 6.3142277300357819e-002
  9.9237218499183655e-002 -2.7394420467317104e-003
  -1.5710052102804184e-002 1.1596290767192841e-001
  -7.8604608774185181e-002 -1.1583869904279709e-001
  -1.0022386163473129e-001 -3.7227071821689606e-002
  1.0684082657098770e-001 8.8460311293601990e-002
  -2.8731294441968203e-003 3.3504135906696320e-002
  7.5577698647975922e-002 -8.3031252026557922e-002
  -3.1735177617520094e-003 -8.4228016436100006e-002
  2.5119187310338020e-002 2.0119898021221161e-002
  2.5004837661981583e-002 6.5083564259111881e-003
  -2.3190094158053398e-002 -2.7215396985411644e-003
  -6.5411567687988281e-002 -1.1238969862461090e-002
  -7.8339008614420891e-003 7.4489153921604156e-002
  -2.2827150300145149e-002 1.6197940707206726e-001
  9.7908340394496918e-002 -4.7793168574571609e-002
  7.8742854297161102e-002 -4.2739037424325943e-002
  1.3471034355461597e-002 -4.5579362660646439e-002
  -8.7199352681636810e-002 3.9261773228645325e-002
  1.5344845596700907e-003 -1.6263794153928757e-002
  4.5203468762338161e-003 3.0275186523795128e-002
  -1.4562977850437164e-001 -1.2577019631862640e-001
  -1.1701210588216782e-001 -2.1695133298635483e-002
  3.6134976893663406e-002 1.8413783609867096e-001
  1.5108135342597961e-001 3.1934928148984909e-002
  -2.6824546977877617e-002 -7.8779958188533783e-002
  -1.4503327012062073e-001 -1.3266760110855103e-001
  7.4105449020862579e-002 -5.5417995899915695e-002
  8.7631784379482269e-002 6.5383076667785645e-002
  -1.0923530161380768e-001 3.3981713932007551e-003
  -1.2227068841457367e-001 4.7287237830460072e-003
  2.8971899300813675e-002 1.2995006144046783e-001
  -1.4825204387307167e-002 7.9757183790206909e-002
  2.2657247260212898e-002 -6.0496285557746887e-002
  -5.6380752474069595e-002 -7.8699074685573578e-002
  1.2062570452690125e-001 1.4523126184940338e-001
  -6.4490400254726410e-002 5.3382961777970195e-004
  1.5821023285388947e-001 1.0729376226663589e-001
  -5.5435463786125183e-002 -1.0644634068012238e-001
  -7.6741486787796021e-002 -1.1095356941223145e-001
  -1.0034893453121185e-001 -1.9934903830289841e-002
  -2.0089237019419670e-002 1.2151364237070084e-001
  9.7094096243381500e-002 -2.5165757164359093e-002
  -1.0365194827318192e-001 5.1521300338208675e-004
  6.1906897462904453e-003 2.2085700184106827e-002
  8.2671582698822021e-002 -6.9725690409541130e-003
  6.0184475034475327e-002 1.5112867578864098e-002
  -6.3923388719558716e-002 -5.1078062504529953e-002
  -1.0699018090963364e-001 7.8158006072044373e-002
  2.3573194444179535e-001 1.7195147275924683e-001
  4.8108775168657303e-002 6.7105360329151154e-002
  -6.8607572466135025e-003 -1.0779988765716553e-001
  -1.1667612008750439e-002 -3.4180428832769394e-002
  6.8262316286563873e-002 2.5330951809883118e-001
  -5.5449623614549637e-002 -3.7868849933147430e-002
  1.0016760230064392e-001 8.4597378969192505e-002
  -5.1457826048135757e-002 -7.5641795992851257e-002
  1.0647788876667619e-003 1.2849827762693167e-003
  2.4548526853322983e-002 -5.0299946218729019e-002
  -9.8549678921699524e-002 2.5467414408922195e-002
  5.3803421556949615e-002 1.7145646736025810e-002
  4.9106035381555557e-002 -5.7628259062767029e-002
  -6.6295914351940155e-002 1.1109718680381775e-001
  1.6667935252189636e-001 1.1294458992779255e-002
  1.7994411289691925e-002 3.2457683235406876e-002
  -1.0187546163797379e-001 1.7824599519371986e-002
  -7.6787211000919342e-002 1.3549037277698517e-001
  3.1780585646629333e-001 1.6728213429450989e-001
  -1.9115356728434563e-002 1.8367208540439606e-002
  -1.4736628532409668e-001 -1.8257308006286621e-001
  -7.5547851622104645e-002 1.0006769560277462e-002
  2.5797337293624878e-001 3.1460744142532349e-001
  -5.6109741330146790e-002 -8.0546028912067413e-002
  -1.6889681573957205e-003 3.1702619045972824e-002
  1.3271554373204708e-002 9.7980558872222900e-002
  -1.0967101156711578e-001 -3.5649649798870087e-002
  1.4057314395904541e-001 4.5315068215131760e-002
  -2.9393356293439865e-002 1.5207030810415745e-002
  -6.6717736423015594e-002 -5.4843988269567490e-002
  -4.4131442904472351e-002 -3.9082184433937073e-002
  1.3371901214122772e-001 1.4667001366615295e-001
  4.6301517635583878e-002 -3.2894384115934372e-002
  1.7937866970896721e-002 -8.1519879400730133e-002
  -2.5725248456001282e-001 1.4633684419095516e-002
  1.1787382513284683e-001 2.7509218454360962e-001
  2.2178339958190918e-001 -3.3420776017010212e-003
  -5.2238035947084427e-002 -1.7772505059838295e-002
  -1.3554413616657257e-001 -1.2179071456193924e-001
  9.8988078534603119e-002 4.0261787176132202e-001
  2.2631248831748962e-001 1.0223155468702316e-001
  -3.3937536180019379e-002 -3.0708638951182365e-002
  1.0488398373126984e-002 -5.4401937872171402e-002
  -9.6025094389915466e-002 9.5378801226615906e-002
  -2.3603497538715601e-003 1.1628767848014832e-001
  7.0196636021137238e-002 -1.6119129955768585e-002
  -5.8636080473661423e-002 -2.3594830185174942e-002
  -1.3584826141595840e-002 5.0864301621913910e-002
  1.8122254312038422e-001 1.9555769860744476e-001
  1.0518636554479599e-001 8.1010818481445313e-002
  3.5003293305635452e-002 -4.0541622787714005e-002
  -4.5999158173799515e-003 -1.1518685519695282e-001
  5.4820690304040909e-002 2.3970930278301239e-001
  3.7484943866729736e-001 1.1682465672492981e-001
  6.2761999666690826e-002 1.4549713581800461e-002
  3.1079450622200966e-002 9.2708962038159370e-003
  -2.9896987602114677e-002 -4.9233052879571915e-002
  5.2010402083396912e-002 -5.3406402468681335e-002
  -1.7467163503170013e-001 -2.2272584959864616e-002
  1.0282936505973339e-002 -4.2997166514396667e-002
  -5.2909083664417267e-002 5.9567820280790329e-003
  2.2102299332618713e-001 2.5253364443778992e-001
  1.9198261201381683e-001 5.2367817610502243e-002
  6.5834783017635345e-002 7.1966731920838356e-003
  7.0721603929996490e-002 2.2830232977867126e-002
  5.0008140504360199e-002 8.9456550776958466e-002
  1.2403758615255356e-001 -8.0626882612705231e-002
  -1.7717252671718597e-001 -1.0124089196324348e-002
  -1.0505783371627331e-002 3.3855989575386047e-002
  1.5790085494518280e-001 5.4375179111957550e-002
  -3.0314302071928978e-002 4.2391072958707809e-002
  -1.1541332304477692e-001 -5.7763148099184036e-002
  -4.9393443623557687e-004 6.4023025333881378e-002
  1.0187318921089172e-001 8.0220267176628113e-002
  7.5951278209686279e-002 -6.5064646303653717e-002
  -3.2173462212085724e-002 -4.1475523263216019e-002
  2.0560270175337791e-002 1.0293492674827576e-001
  -2.0358046516776085e-002 -1.6543855890631676e-002
  3.0760977417230606e-002 -8.4388308227062225e-002
  -7.1389451622962952e-002 -8.0202789977192879e-003
  -1.1506495624780655e-001 -3.0642474070191383e-002
  -1.8742257729172707e-002 9.0917065739631653e-002
  3.9675299078226089e-002 -3.1339228153228760e-002
  2.7903709560632706e-003 -8.5292376577854156e-002
  1.0598286753520370e-003 1.1401174589991570e-002
  4.7503830865025520e-003 8.8190488517284393e-002
  7.7438071370124817e-002 5.7308156043291092e-002
  5.3704474121332169e-002 9.4758449122309685e-003
  -8.4497950971126556e-002 -8.3263054490089417e-002
  -2.1729839965701103e-002 4.2146425694227219e-002
  1.4311715960502625e-001 4.0248185396194458e-002
  1.0155064985156059e-002 3.2584413886070251e-002
  -1.1327643878757954e-002 -6.2503376975655556e-003
  -1.2777266092598438e-002 2.1279633045196533e-002
  -2.2419118322432041e-003 6.9615878164768219e-002
  1.1001691222190857e-001 -1.6744389431551099e-003
  -7.0782884955406189e-002 -5.4844733327627182e-002
  -9.7786448895931244e-002 -3.4496009349822998e-002
